1.0
1.0
1.0
1.0
1.0
1.0
1.0
1.0
1.0
1.0
1.0
0.9090909090909091
0.8333333333333334
0.7692307692307693
0.7333333333333333
0.7333333333333333
0.6875
0.6470588235294118
0.6111111111111112
0.5949367088607594
0.5949367088607594
0.5949367088607594
0.5949367088607594
0.5949367088607594
0.5949367088607594
0.5949367088607594
0.5949367088607594
0.5949367088607594
0.5949367088607594
0.5949367088607594
0.5949367088607594
0.5949367088607594
0.5949367088607594
0.5949367088607594
0.5949367088607594
0.5949367088607594
0.5949367088607594
0.5949367088607594
0.5949367088607594
0.5949367088607594
0.5949367088607594
0.5949367088607594
0.5949367088607594
0.5949367088607594
0.5949367088607594
0.5949367088607594
0.5949367088607594
0.5949367088607594
0.5949367088607594
0.5949367088607594
0.5949367088607594
0.5949367088607594
0.5949367088607594
0.5949367088607594
0.5949367088607594
0.5949367088607594
0.5949367088607594
0.5949367088607594
0.5949367088607594
0.5949367088607594
0.5949367088607594
0.5949367088607594
0.5949367088607594
0.5949367088607594
0.5949367088607594
0.5949367088607594
0.5949367088607594
0.5949367088607594
0.5949367088607594
0.5949367088607594
0.5949367088607594
0.5949367088607594
0.5949367088607594
0.5949367088607594
0.5949367088607594
0.5949367088607594
0.5949367088607594
0.5949367088607594
0.5949367088607594
0.5949367088607594
0.5875
0.5869565217391305
0.5869565217391305
0.5869565217391305
0.5869565217391305
0.5869565217391305
0.5869565217391305
0.5869565217391305
0.5869565217391305
0.5869565217391305
0.5869565217391305
0.5869565217391305
0.5869565217391305
0.5806451612903226
0.574468085106383
0.5684210526315789
0.5625
0.5567010309278351
0.5545454545454546
0.5545454545454546
0.5545454545454546
0.5545454545454546
0.5545454545454546
0.5545454545454546
0.5545454545454546
0.5545454545454546
0.5545454545454546
0.5545454545454546
0.5545454545454546
0.5545454545454546
0.5545454545454546
0.5495495495495496
0.5446428571428571
0.5398230088495575
0.5350877192982456
0.5304347826086957
0.5258620689655172
0.5213675213675214
0.5169491525423728
0.5126050420168067
0.5083333333333333
0.5041322314049587
0.5
0.4959349593495935
0.49193548387096775
0.488
0.48412698412698413
0.48031496062992124
0.4765625
0.4728682170542636
0.4726027397260274
0.4726027397260274
0.4726027397260274
0.4726027397260274
0.4726027397260274
0.4726027397260274
0.4726027397260274
0.4726027397260274
0.4726027397260274
0.4726027397260274
0.4726027397260274
0.4726027397260274
0.4726027397260274
0.4726027397260274
0.4726027397260274
0.4726027397260274
0.4726027397260274
0.47019867549668876
0.47019867549668876
0.47019867549668876
0.47019867549668876
0.47019867549668876
0.46794871794871795
0.46794871794871795
0.46794871794871795
0.46794871794871795
0.46794871794871795
0.46629213483146065
0.46629213483146065
0.46629213483146065
0.46629213483146065
0.46629213483146065
0.46629213483146065
0.46629213483146065
0.46629213483146065
0.46629213483146065
0.46629213483146065
0.46629213483146065
0.46629213483146065
0.46629213483146065
0.46629213483146065
0.46629213483146065
0.46629213483146065
0.46629213483146065
0.46629213483146065
0.46629213483146065
0.46629213483146065
0.46629213483146065
0.46629213483146065
0.0
