0.0
0.002352941082790494
0.004705882165580988
0.0070588234812021255
0.009411764331161976
0.0117647061124444
0.014117646962404251
0.016470588743686676
0.01882352866232395
0.021176470443606377
0.0235294122248888
0.0235294122248888
0.0235294122248888
0.0235294122248888
0.0235294122248888
0.025882352143526077
0.025882352143526077
0.025882352143526077
0.025882352143526077
0.025882352143526077
0.025882352143526077
0.025882352143526077
0.025882352143526077
0.025882352143526077
0.025882352143526077
0.025882352143526077
0.025882352143526077
0.025882352143526077
0.025882352143526077
0.025882352143526077
0.025882352143526077
0.025882352143526077
0.025882352143526077
0.028235293924808502
0.030588235706090927
0.03294117748737335
0.03529411926865578
0.0376470573246479
0.03999999910593033
0.04235294088721275
0.04470588266849518
0.0470588244497776
0.0470588244497776
0.0470588244497776
0.04941176623106003
0.051764704287052155
0.05411764606833458
0.056470587849617004
0.05882352963089943
0.061176471412181854
0.06352940946817398
0.0658823549747467
0.06823529303073883
0.07058823853731155
0.07058823853731155
0.07058823853731155
0.07058823853731155
0.07294117659330368
0.0752941146492958
0.07764706015586853
0.07999999821186066
0.08235294371843338
0.0847058817744255
0.0847058817744255
0.0847058817744255
0.0847058817744255
0.0847058817744255
0.08705881983041763
0.08941176533699036
0.09176470339298248
0.0941176488995552
0.09647058695554733
0.09882353246212006
0.09882353246212006
0.09882353246212006
0.10117647051811218
0.10352940857410431
0.10588235408067703
0.10823529213666916
0.11058823764324188
0.11058823764324188
0.11058823764324188
0.11058823764324188
0.11058823764324188
0.11058823764324188
0.11058823764324188
0.11294117569923401
0.11529412120580673
0.11764705926179886
0.11999999731779099
0.12235294282436371
0.12470588088035583
0.12705881893634796
0.12705881893634796
0.12705881893634796
0.12705881893634796
0.12705881893634796
0.12705881893634796
0.12705881893634796
0.12705881893634796
0.12705881893634796
0.12705881893634796
0.12705881893634796
0.12705881893634796
0.12941177189350128
0.1317647099494934
0.13411764800548553
0.13647058606147766
0.1388235241174698
0.1411764770746231
0.14352941513061523
0.14352941513061523
0.14352941513061523
0.14352941513061523
0.14352941513061523
0.14352941513061523
0.14352941513061523
0.14352941513061523
0.14352941513061523
0.14352941513061523
0.14352941513061523
0.14352941513061523
0.14352941513061523
0.14352941513061523
0.14352941513061523
0.14352941513061523
0.14352941513061523
0.14352941513061523
0.14352941513061523
0.14352941513061523
0.14352941513061523
0.14352941513061523
0.14352941513061523
0.14352941513061523
0.14352941513061523
0.14588235318660736
0.1482352912425995
0.1505882292985916
0.1505882292985916
0.1505882292985916
0.1505882292985916
0.1505882292985916
0.15294118225574493
0.15529412031173706
0.1576470583677292
0.1599999964237213
0.16235293447971344
0.16235293447971344
0.16235293447971344
0.16235293447971344
0.16470588743686676
0.1670588254928589
0.1670588254928589
0.1670588254928589
0.1670588254928589
0.169411763548851
0.17176470160484314
0.17176470160484314
0.17176470160484314
0.17411763966083527
0.17411763966083527
0.17411763966083527
0.17411763966083527
0.17411763966083527
0.17411763966083527
0.17411763966083527
0.17411763966083527
0.17411763966083527
0.17411763966083527
0.17411763966083527
0.1764705926179886
0.1788235306739807
0.18117646872997284
0.18352940678596497
0.1858823597431183
0.1882352977991104
0.19058823585510254
0.19294117391109467
0.1952941119670868
1.0
